structure(list(salary = c(38070L, 39990L, 45800L, 47100L, 48290L, 
49260L, 51170L, 52020L, 56080L, 57200L, 60990L, 62090L, 63800L, 
68910L, 71020L, 73220L, 74400L, 75230L, 78210L, 80020L, 81100L, 
82290L, 82330L, 84420L, 85220L, 85550L, 86600L, 89130L, 90120L, 
91110L, 92110L, 93200L, 94230L, 94330L, 95500L, 95660L, 96600L
), age = c(25L, 48L, 52L, 38L, 45L, 29L, 49L, 31L, 62L, 29L, 
58L, 57L, 30L, 35L, 35L, 31L, 51L, 49L, 59L, 60L, 50L, 36L, 40L, 
29L, 39L, 36L, 38L, 62L, 42L, 44L, 42L, 65L, 70L, 38L, 40L, 41L, 
38L), brand = structure(c(2L, 1L, 4L, 4L, 4L, 4L, 4L, 4L, 4L, 
2L, 2L, 4L, 4L, 3L, 2L, 2L, 4L, 2L, 2L, 2L, 4L, 1L, 1L, 1L, 3L, 
2L, 3L, 2L, 1L, 3L, 3L, 3L, 3L, 1L, 2L, 3L, 3L), .Label = c("Audi", 
"BMW", "Mercedes", "Opel"), class = "factor")), class = "data.frame", row.names = c(NA, 
-37L))
